#!/usr/bin/env python

from collections import namedtuple
from pprint import pprint as pp
 
inf = float('inf')
Edge = namedtuple('Edge', 'start, end, cost')

import inspect

def PrintFrame():
    callerframerecord = inspect.stack()[1]    # 0 represents this line
                                            # 1 represents line at caller
    frame = callerframerecord[0]
    info = inspect.getframeinfo(frame)
    print info.filename + " " + info.function + " " + str(info.lineno)
 
class Graph():
    def __init__(self, edges):
        self.edges = edges2 = [Edge(*edge) for edge in edges]
        self.vertices = set(sum(([e.start, e.end] for e in edges2), []))
 
    def dijkstra(self, source, dest):
        assert source in self.vertices
        dist = {vertex: inf for vertex in self.vertices}

        # PrintFrame()
        # pp(dist)

        previous = {vertex: None for vertex in self.vertices}

        # PrintFrame()
        # pp(previous)

        dist[source] = 0
        q = self.vertices.copy()

        neighbours = {vertex: set() for vertex in self.vertices}

        for start, end, cost in self.edges:
            neighbours[start].add((end, cost))

        # PrintFrame()
        # pp(neighbours)
 
        while q:
            u = min(q, key=lambda vertex: dist[vertex])
            # PrintFrame()
            # pp("\nu = " + u)

            q.remove(u)
            if dist[u] == inf or u == dest:
                break
            for v, cost in neighbours[u]:
                alt = dist[u] + cost
                if alt < dist[v]:                                  # Relax (u,v,a)
                    dist[v] = alt
                    previous[v] = u

        s, u = [], dest
        while previous[u]:
            s.insert(0, u)
            u = previous[u]
        s.insert(0, u)


        # PrintFrame()
        # pp(s)

        PrintFrame()
        pp(dist)


        # return s
 
 
# graph = Graph([("a", "b", 7),  ("a", "c", 9),  ("a", "f", 14), ("b", "c", 10),
#                ("b", "d", 15), ("c", "d", 11), ("c", "f", 2),  ("d", "e", 6),
#                ("e", "f", 9)])

graph = Graph([
          ("A","B",2),
          ("A","C",1),
          ("A","D",4),
          ("B","F",2),
          ("B","E",10),
          ("B","C",1),
          ("C","E",8),
          ("D","C",2),
          ("E","D",7),
          ("E","G",1),
          ("F","H",3),
          ("G","F",2),
          ("H","G",1),
      ])


graph = Graph([ ("1","80",982), ("1","163",8164), ("1","170",2620), ("1","145",648), ("1","200",8021), ("1","173",2069), ("1","92",647), ("1","26",4122), ("1","140",546), ("1","11",1913), ("1","160",6461), ("1","27",7905), ("1","40",9047), ("1","150",2183), ("1","61",9146), ("1","159",7420), ("1","198",1724), ("1","114",508), ("1","104",6647), ("1","30",4612), ("1","99",2367), ("1","138",7896), ("1","169",8700), ("1","49",2437), ("1","125",2909), ("1","117",2597), ("1","55",6399),
     ("2","42",1689), ("2","127",9365), ("2","5",8026), ("2","170",9342), ("2","131",7005), ("2","172",1438), ("2","34",315), ("2","30",2455), ("2","26",2328), ("2","6",8847), ("2","11",1873), ("2","17",5409), ("2","157",8643), ("2","159",1397), ("2","142",7731), ("2","182",7908), ("2","93",8177),
     ("3","57",1239), ("3","101",3381), ("3","43",7313), ("3","41",7212), ("3","91",2483), ("3","31",3031), ("3","167",3877), ("3","106",6521), ("3","76",7729), ("3","122",9640), ("3","144",285), ("3","44",2165), ("3","6",9006), ("3","177",7097), ("3","119",7711),
     ("4","162",3924), ("4","70",5285), ("4","195",2490), ("4","72",6508), ("4","126",2625), ("4","121",7639), ("4","31",399), ("4","118",3626), ("4","90",9446), ("4","127",6808), ("4","135",7582), ("4","159",6133), ("4","106",4769), ("4","52",9267), ("4","190",7536), ("4","78",8058), ("4","75",7044), ("4","116",6771), ("4","49",619), ("4","107",4383), ("4","89",6363), ("4","54",313),
     ("5","200",4009), ("5","112",1522), ("5","25",3496), ("5","23",9432), ("5","64",7836), ("5","56",8262), ("5","120",1862), ("5","2",8026), ("5","90",8919), ("5","142",1195), ("5","81",2469), ("5","182",8806), ("5","17",2514), ("5","83",8407), ("5","146",5308), ("5","147",1087), ("5","51",22),
     ("6","141",8200), ("6","98",5594), ("6","66",6627), ("6","159",9500), ("6","143",3110), ("6","129",8525), ("6","118",8547), ("6","88",2039), ("6","83",4949), ("6","165",6473), ("6","162",6897), ("6","184",8021), ("6","123",13), ("6","176",3512), ("6","195",2233), ("6","42",7265), ("6","47",274), ("6","132",1514), ("6","2",8847), ("6","171",3722), ("6","3",9006),
     ("7","156",7027), ("7","187",9522), ("7","87",4976), ("7","121",8739), ("7","56",6616), ("7","10",2904), ("7","71",8206), ("7","53",179), ("7","146",4823), ("7","165",6019), ("7","125",5670), ("7","27",4888), ("7","63",9920), ("7","150",9031), ("7","84",4061),
     ("8","152",1257), ("8","189",2780), ("8","58",4708), ("8","26",8342), ("8","199",1918), ("8","31",3987), ("8","35",3160), ("8","71",5829), ("8","27",3483), ("8","69",8815), ("8","130",55), ("8","168",2076), ("8","122",5338), ("8","73",4528), ("8","28",9996), ("8","17",3535), ("8","40",3193), ("8","72",7308), ("8","24",8434), ("8","87",2833), ("8","25",3949), ("8","175",1022), ("8","177",8508),
     ("9","152",1087), ("9","115",7827), ("9","17",7002), ("9","72",794), ("9","150",4539), ("9","190",3613), ("9","95",9480), ("9","36",5284), ("9","166",8702), ("9","63",1753), ("9","199",70), ("9","131",700), ("9","76",9340), ("9","70",2), ("9","139",8701), ("9","140",4163), ("9","180",5995),
     ("10","57",9988), ("10","78",3771), ("10","62",4816), ("10","137",5273), ("10","7",2904), ("10","187",4786), ("10","184",3207), ("10","96",807), ("10","31",1184), ("10","88",2539), ("10","135",4650), ("10","168",9495), ("10","164",3866), ("10","11",8988), ("10","116",1493), ("10","51",5578), ("10","171",2029),
     ("11","1",1913), ("11","185",2045), ("11","77",815), ("11","22",8425), ("11","181",8448), ("11","47",8727), ("11","81",7299), ("11","150",4802), ("11","178",1696), ("11","28",2275), ("11","183",594), ("11","131",833), ("11","157",8497), ("11","25",5057), ("11","59",3203), ("11","10",8988), ("11","2",1873), ("11","134",294), ("11","83",4211), ("11","124",6180),
     ("12","78",5753), ("12","17",4602), ("12","62",5676), ("12","16",8068), ("12","60",5933), ("12","67",371), ("12","71",6734), ("12","53",7001), ("12","72",3626), ("12","34",6690), ("12","59",761), ("12","18",1520), ("12","128",7542), ("12","38",6699), ("12","57",9416),
     ("13","144",9987), ("13","59",9801), ("13","97",7026), ("13","50",758), ("13","43",5400), ("13","163",3870), ("13","178",4194), ("13","151",9629), ("13","45",1794), ("13","105",6821), ("13","29",2784), ("13","172",2070), ("13","57",6850), ("13","77",8638), ("13","135",861),
     ("14","149",4352), ("14","187",4874), ("14","26",3841), ("14","128",9662), ("14","155",4446), ("14","118",373), ("14","123",2733), ("14","106",7912), ("14","169",4333), ("14","53",9197), ("14","161",4275), ("14","126",9602), ("14","73",4106), ("14","160",7860), ("14","131",358), ("14","141",4477), ("14","119",960), ("14","43",3199), ("14","47",7898), ("14","175",6718), ("14","177",6741), ("14","60",2464), ("14","127",5682), ("14","31",1945), ("14","143",5848), ("14","94",3551), ("14","82",3283),
     ("15","42",1789), ("15","22",3571), ("15","25",7019), ("15","163",818), ("15","56",2334), ("15","100",809), ("15","143",1041), ("15","107",4589), ("15","190",6854), ("15","169",7485), ("15","94",9606), ("15","34",7961), ("15","54",8983), ("15","157",2136), ("15","24",8040),
     ("16","200",2848), ("16","198",2223), ("16","92",2896), ("16","18",8663), ("16","27",8673), ("16","75",4116), ("16","150",1680), ("16","36",1555), ("16","41",2747), ("16","90",4558), ("16","68",5894), ("16","12",8068), ("16","42",2596), ("16","185",6280), ("16","171",3482), ("16","109",1469), ("16","127",9807), ("16","178",1714), ("16","35",839), ("16","56",9828), ("16","134",5203), ("16","55",6680), ("16","110",4252),
     ("17","26",1275), ("17","45",5114), ("17","142",8016), ("17","83",4615), ("17","140",6440), ("17","8",3535), ("17","69",3610), ("17","153",8545), ("17","9",7002), ("17","12",4602), ("17","173",7312), ("17","114",8915), ("17","108",1942), ("17","54",3115), ("17","66",6176), ("17","190",7000), ("17","70",3899), ("17","5",2514), ("17","178",7464), ("17","166",4762), ("17","2",5409), ("17","146",5362), ("17","117",6266),
     ("18","57",4216), ("18","80",5252), ("18","86",7517), ("18","62",1926), ("18","120",44), ("18","173",7256), ("18","133",2702), ("18","148",589), ("18","167",7625), ("18","16",8663), ("18","170",4989), ("18","118",6388), ("18","142",332), ("18","95",6122), ("18","99",5717), ("18","154",453), ("18","150",5150), ("18","149",2664), ("18","146",9000), ("18","171",4403), ("18","111",785), ("18","12",1520),
     ("19","33",6938), ("19","77",7013), ("19","187",107), ("19","109",8397), ("19","88",2002), ("19","95",8691), ("19","132",3157), ("19","195",5038), ("19","154",4320), ("19","23",8560), ("19","152",9751), ("19","185",5896), ("19","119",7406), ("19","160",3997), ("19","80",62),
     ("20","66",2667), ("20","173",2676), ("20","43",8105), ("20","135",6434), ("20","33",6387), ("20","74",6183), ("20","106",8785), ("20","75",2484), ("20","130",9048), ("20","56",7194), ("20","50",9507), ("20","88",3014), ("20","124",392), ("20","61",2580), ("20","90",7372), ("20","92",1704), ("20","87",2639), ("20","154",2398), ("20","41",4203), ("20","85",1435), ("20","169",5990), ("20","166",6086), ("20","28",2234), ("20","145",8099),
     ("21","23",5183), ("21","40",2199), ("21","31",2556), ("21","71",4986), ("21","165",2151), ("21","193",494), ("21","154",1845), ("21","111",3060), ("21","85",2880), ("21","101",2775), ("21","182",2447), ("21","80",9884), ("21","87",2681), ("21","102",6643), ("21","131",3748),
     ("22","92",5592), ("22","64",4257), ("22","11",8425), ("22","24",594), ("22","15",3571), ("22","42",3783), ("22","41",1374), ("22","114",9960), ("22","144",9362), ("22","146",3620), ("22","71",3243), ("22","143",8603), ("22","131",6075), ("22","192",4606), ("22","108",9656), ("22","168",4356), ("22","177",8713), ("22","132",1560),
     ("23","143",7543), ("23","161",6863), ("23","45",8074), ("23","165",208), ("23","21",5183), ("23","118",5079), ("23","40",8336), ("23","27",9054), ("23","112",3201), ("23","135",4560), ("23","167",2133), ("23","188",4236), ("23","166",8077), ("23","195",3179), ("23","48",4485), ("23","137",7591), ("23","99",6485), ("23","5",9432), ("23","71",3316), ("23","96",2431), ("23","125",922), ("23","19",8560),
     ("24","141",6862), ("24","197",9337), ("24","66",5879), ("24","59",6941), ("24","70",4670), ("24","55",4106), ("24","103",8083), ("24","61",7906), ("24","48",7959), ("24","151",784), ("24","177",393), ("24","102",8731), ("24","199",2838), ("24","73",3509), ("24","8",8434), ("24","187",9327), ("24","22",594), ("24","150",5669), ("24","164",7312), ("24","157",9540), ("24","15",8040),
     ("25","115",9233), ("25","197",3875), ("25","185",3573), ("25","72",2332), ("25","104",4899), ("25","137",5378), ("25","8",3949), ("25","5",3496), ("25","77",2729), ("25","136",9251), ("25","143",108), ("25","83",9569), ("25","15",7019), ("25","48",3214), ("25","155",3242), ("25","153",2477), ("25","129",3005), ("25","132",219), ("25","11",5057), ("25","37",1591), ("25","68",4188),
     ("26","14",3841), ("26","8",8342), ("26","1",4122), ("26","147",5759), ("26","113",5553), ("26","157",7), ("26","65",9434), ("26","116",4221), ("26","66",2747), ("26","138",7027), ("26","145",6697), ("26","130",5706), ("26","60",701), ("26","127",9896), ("26","136",7200), ("26","17",1275), ("26","120",5788), ("26","175",6165), ("26","70",9252), ("26","95",36), ("26","106",6940), ("26","2",2328), ("26","96",425), ("26","51",9329), ("26","183",4842), ("26","196",6754),
     ("27","23",9054), ("27","78",3066), ("27","8",3483), ("27","1",7905), ("27","152",2124), ("27","108",9929), ("27","63",3896), ("27","151",5915), ("27","111",3101), ("27","34",8912), ("27","182",6234), ("27","133",7749), ("27","16",8673), ("27","192",5344), ("27","114",714), ("27","168",1578), ("27","175",210), ("27","138",5918), ("27","7",4888), ("27","122",84),
     ("28","8",9996), ("28","188",3816), ("28","116",2638), ("28","132",5604), ("28","20",2234), ("28","178",3642), ("28","76",3705), ("28","122",9165), ("28","184",4164), ("28","198",366), ("28","161",9217), ("28","160",9059), ("28","56",5375), ("28","120",8874), ("28","11",2275), ("28","111",4495), ("28","193",9441), ("28","157",6880), ("28","48",2803),
     ("29","78",8190), ("29","144",6452), ("29","114",9478), ("29","156",5083), ("29","62",9692), ("29","121",4537), ("29","184",9797), ("29","109",6873), ("29","153",5446), ("29","67",3449), ("29","172",5830), ("29","111",1005), ("29","100",1642), ("29","148",3252), ("29","13",2784),
     ("30","78",5469), ("30","119",7372), ("30","144",1616), ("30","130",1356), ("30","59",4458), ("30","40",9818), ("30","79",503), ("30","43",6233), ("30","148",4760), ("30","42",263), ("30","1",4612), ("30","57",5668), ("30","185",3846), ("30","101",6979), ("30","94",6976), ("30","106",7819), ("30","2",2455), ("30","71",9294),
     ("31","4",399), ("31","8",3987), ("31","50",2598), ("31","75",7688), ("31","47",7840), ("31","99",8583), ("31","190",5055), ("31","112",5231), ("31","114",7617), ("31","118",6949), ("31","180",3598), ("31","21",2556), ("31","199",5564), ("31","14",1945), ("31","3",3031), ("31","35",9855), ("31","10",1184), ("31","146",2837), ("31","51",3739), ("31","83",6588), ("31","46",5964),
     ("32","136",3823), ("32","77",1689), ("32","92",3395), ("32","121",1615), ("32","85",7494), ("32","173",9631), ("32","177",6902), ("32","88",8129), ("32","36",7329), ("32","116",6065), ("32","61",3332), ("32","68",7352), ("32","119",1914), ("32","82",8571), ("32","70",9909),
     ("33","144",4841), ("33","173",5949), ("33","170",3648), ("33","113",652), ("33","110",1986), ("33","82",3577), ("33","61",1837), ("33","97",5671), ("33","55",1252), ("33","19",6938), ("33","48",914), ("33","74",3642), ("33","125",67), ("33","89",3089), ("33","176",3258), ("33","20",6387), ("33","138",6960), ("33","153",6574), ("33","171",3913),
     ("34","86",6435), ("34","156",8641), ("34","72",2540), ("34","181",5267), ("34","27",8912), ("34","58",8824), ("34","179",8528), ("34","62",9864), ("34","70",2348), ("34","57",5471), ("34","53",236), ("34","168",3923), ("34","101",3383), ("34","142",7791), ("34","55",7174), ("34","2",315), ("34","147",9758), ("34","15",7961), ("34","199",8196), ("34","12",6690),
     ("35","57",3693), ("35","8",3160), ("35","144",3087), ("35","114",490), ("35","65",8910), ("35","178",5774), ("35","172",992), ("35","16",839), ("35","118",8640), ("35","41",6749), ("35","31",9855), ("35","39",853), ("35","64",6071), ("35","166",2816), ("35","184",7437), ("35","49",3098), ("35","182",7369), ("35","110",4985), ("35","93",8775),
     ("36","80",2032), ("36","130",7589), ("36","123",6226), ("36","16",1555), ("36","150",116), ("36","88",7759), ("36","100",8612), ("36","9",5284), ("36","198",6280), ("36","49",953), ("36","143",5111), ("36","42",4917), ("36","134",979), ("36","159",6043), ("36","32",7329), ("36","67",2380), ("36","148",9550), ("36","48",7266),
     ("37","197",9188), ("37","119",9313), ("37","187",4105), ("37","191",3573), ("37","109",2135), ("37","75",751), ("37","200",7541), ("37","139",8208), ("37","155",609), ("37","142",6433), ("37","25",1591), ("37","132",821), ("37","156",7714), ("37","107",1144), ("37","99",7757),
     ("38","91",7087), ("38","88",502), ("38","132",6092), ("38","126",5441), ("38","147",8391), ("38","12",6699), ("38","130",5227), ("38","146",4400), ("38","108",8712), ("38","100",1369), ("38","134",4730), ("38","87",2975), ("38","99",6169), ("38","183",5213), ("38","109",4945),
     ("39","200",4319), ("39","98",3993), ("39","130",2414), ("39","40",2489), ("39","196",9267), ("39","133",8145), ("39","82",3528), ("39","44",9175), ("39","42",5464), ("39","127",6103), ("39","93",6132), ("39","180",9506), ("39","192",7454), ("39","119",1376), ("39","115",983), ("39","81",7400), ("39","35",853),
     ("40","23",8336), ("40","1",9047), ("40","120",7760), ("40","101",2885), ("40","21",2199), ("40","144",7772), ("40","96",5739), ("40","136",4658), ("40","184",4306), ("40","189",4263), ("40","30",9818), ("40","39",2489), ("40","108",8883), ("40","8",3193), ("40","80",9657), ("40","181",2338), ("40","162",3056), ("40","71",2826), ("40","68",5800),
     ("41","200",2622), ("41","78",63), ("41","66",4654), ("41","198",7215), ("41","59",284), ("41","75",7333), ("41","22",1374), ("41","181",5235), ("41","16",2747), ("41","154",901), ("41","150",7278), ("41","3",7212), ("41","103",7917), ("41","163",5256), ("41","20",4203), ("41","91",7776), ("41","35",6749), ("41","147",1858), ("41","165",3741), ("41","107",8116),
     ("42","160",2382), ("42","156",6539), ("42","6",7265), ("42","15",1789), ("42","61",8096), ("42","164",347), ("42","194",6498), ("42","172",5383), ("42","104",2726), ("42","124",3496), ("42","161",4792), ("42","159",5951), ("42","117",7074), ("42","2",1689), ("42","186",9391), ("42","62",3249), ("42","79",9404), ("42","39",5464), ("42","187",3075), ("42","22",3783), ("42","30",263), ("42","16",2596), ("42","137",4572), ("42","163",1278), ("42","60",6663), ("42","70",9396), ("42","36",4917), ("42","73",9154),
     ("43","200",8943), ("43","159",9621), ("43","97",3906), ("43","20",8105), ("43","164",6849), ("43","13",5400), ("43","3",7313), ("43","133",8488), ("43","108",8964), ("43","30",6233), ("43","79",5052), ("43","131",8231), ("43","167",8120), ("43","14",3199), ("43","130",2685), ("43","138",7965), ("43","177",9544), ("43","143",1171), ("43","65",5805), ("43","118",8008), ("43","140",4482), ("43","93",8479),
     ("44","197",4900), ("44","144",2276), ("44","198",2619), ("44","39",9175), ("44","87",7875), ("44","191",8130), ("44","166",6953), ("44","170",6940), ("44","163",18), ("44","79",9988), ("44","145",2888), ("44","173",5518), ("44","57",9979), ("44","82",3134), ("44","54",4113), ("44","3",2165),
     ("45","57",4630), ("45","23",8074), ("45","112",9496), ("45","130",4994), ("45","86",8207), ("45","17",5114), ("45","120",5279), ("45","169",662), ("45","162",3436), ("45","170",8060), ("45","118",5918), ("45","124",3290), ("45","110",8317), ("45","13",1794), ("45","167",1163),
     ("46","57",2413), ("46","152",9550), ("46","86",7512), ("46","123",132), ("46","138",2860), ("46","195",8206), ("46","176",9923), ("46","119",2687), ("46","54",9328), ("46","196",9632), ("46","73",5109), ("46","31",5964), ("46","173",2969), ("46","193",199), ("46","80",7968), ("46","194",2429),
     ("47","57",9584), ("47","114",9480), ("47","145",9483), ("47","190",5892), ("47","182",8382), ("47","31",7840), ("47","129",9533), ("47","142",5297), ("47","58",1229), ("47","146",2959), ("47","6",274), ("47","14",7898), ("47","189",5939), ("47","11",8727), ("47","76",2138), ("47","70",2236),
     ("48","152",5835), ("48","23",4485), ("48","33",914), ("48","24",7959), ("48","25",3214), ("48","135",8869), ("48","53",3578), ("48","162",201), ("48","28",2803), ("48","141",7941), ("48","36",7266), ("48","85",2792), ("48","86",3588), ("48","124",2593), ("48","130",7921),
     ("49","160",8648), ("49","154",2962), ("49","109",7520), ("49","36",953), ("49","178",9747), ("49","192",3113), ("49","112",2935), ("49","35",3098), ("49","71",3441), ("49","4",619), ("49","96",9901), ("49","171",9736), ("49","163",4688), ("49","1",2437), ("49","133",5167), ("49","117",2896), ("49","105",9278),
     ("50","152",5767), ("50","112",6454), ("50","185",3968), ("50","77",5220), ("50","20",9507), ("50","165",2667), ("50","98",990), ("50","187",2485), ("50","198",3798), ("50","13",758), ("50","128",2987), ("50","189",7031), ("50","52",9931), ("50","127",3622), ("50","31",2598), ("50","179",2502), ("50","191",5026), ("50","153",4905),
     ("51","80",7589), ("51","72",4882), ("51","137",1096), ("51","138",8755), ("51","109",662), ("51","67",4225), ("51","181",158), ("51","132",6107), ("51","189",8899), ("51","159",3017), ("51","5",22), ("51","10",5578), ("51","31",3739), ("51","120",5675), ("51","26",9329), ("51","176",1625),
     ("52","4",9267), ("52","115",4973), ("52","159",7816), ("52","185",8925), ("52","188",7805), ("52","97",9063), ("52","50",9931), ("52","137",9846), ("52","91",424), ("52","150",634), ("52","56",2416), ("52","107",3647), ("52","68",7601), ("52","168",1134), ("52","179",3504),
     ("53","14",9197), ("53","114",7352), ("53","156",4662), ("53","62",153), ("53","85",1227), ("53","177",9852), ("53","34",236), ("53","7",179), ("53","12",7001), ("53","48",3578), ("53","71",9285), ("53","86",7353), ("53","150",662), ("53","183",5304), ("53","125",8054), ("53","54",8361),
     ("54","197",2223), ("54","66",2906), ("54","136",1794), ("54","188",4883), ("54","17",3115), ("54","109",7832), ("54","44",4113), ("54","182",438), ("54","15",8983), ("54","200",4899), ("54","112",2279), ("54","169",2296), ("54","4",313), ("54","53",8361), ("54","138",6261), ("54","46",9328),
     ("55","33",1252), ("55","188",5181), ("55","101",6050), ("55","24",4106), ("55","169",7795), ("55","149",3088), ("55","34",7174), ("55","193",8583), ("55","1",6399), ("55","145",3342), ("55","105",8477), ("55","166",3686), ("55","121",44), ("55","16",6680), ("55","82",3547),
     ("56","101",3516), ("56","20",7194), ("56","179",5284), ("56","127",3031), ("56","5",8262), ("56","161",9811), ("56","16",9828), ("56","15",2334), ("56","52",2416), ("56","7",6616), ("56","77",7923), ("56","182",7267), ("56","88",3375), ("56","61",1315), ("56","117",1934), ("56","28",5375), ("56","124",552), ("56","100",361),
     ("57","18",4216), ("57","94",558), ("57","186",8815), ("57","3",1239), ("57","85",6678), ("57","45",4630), ("57","46",2413), ("57","35",3693), ("57","84",6563), ("57","185",9772), ("57","67",8012), ("57","47",9584), ("57","155",893), ("57","64",810), ("57","10",9988), ("57","80",8722), ("57","160",2058), ("57","59",2689), ("57","79",2330), ("57","30",5668), ("57","184",7592), ("57","44",9979), ("57","162",6483), ("57","116",656), ("57","34",5471), ("57","106",4868), ("57","131",6342), ("57","183",9093), ("57","13",6850), ("57","12",9416),
     ("58","152",5877), ("58","98",3677), ("58","8",4708), ("58","130",7020), ("58","59",5735), ("58","121",8818), ("58","47",1229), ("58","102",6906), ("58","150",4857), ("58","90",7141), ("58","86",5989), ("58","175",3675), ("58","79",2365), ("58","34",8824), ("58","186",8993), ("58","125",1050), ("58","74",7934), ("58","147",2267), ("58","193",6166),
     ("59","86",1293), ("59","147",2651), ("59","149",2405), ("59","141",9126), ("59","112",4585), ("59","58",5735), ("59","74",4470), ("59","24",6941), ("59","199",8958), ("59","57",2689), ("59","13",9801), ("59","162",391), ("59","30",4458), ("59","180",2435), ("59","41",284), ("59","72",7154), ("59","101",1804), ("59","87",4628), ("59","168",4170), ("59","99",671), ("59","70",8055), ("59","11",3203), ("59","12",761),
     ("60","200",3269), ("60","98",2073), ("60","26",701), ("60","185",6670), ("60","120",2231), ("60","14",2464), ("60","127",1402), ("60","12",5933), ("60","42",6663), ("60","189",4415), ("60","107",52), ("60","146",2317), ("60","112",2570), ("60","154",6667), ("60","177",5345), ("60","172",2781),
     ("61","1",9146), ("61","159",49), ("61","33",1837), ("61","42",8096), ("61","20",2580), ("61","24",7906), ("61","87",9053), ("61","163",448), ("61","190",9775), ("61","155",5301), ("61","173",4803), ("61","115",3324), ("61","196",5577), ("61","171",6888), ("61","32",3332), ("61","56",1315), ("61","131",6924), ("61","195",8928),
     ("62","97",9163), ("62","53",153), ("62","120",3851), ("62","18",1926), ("62","154",3238), ("62","12",5676), ("62","88",9007), ("62","152",7404), ("62","29",9692), ("62","161",4144), ("62","10",4816), ("62","105",2736), ("62","42",3249), ("62","107",5324), ("62","115",1913), ("62","121",4145), ("62","116",7419), ("62","34",9864), ("62","193",6610), ("62","103",8383),
     ("63","141",5607), ("63","77",5873), ("63","27",3896), ("63","169",5160), ("63","95",5264), ("63","69",2323), ("63","125",1315), ("63","158",5709), ("63","102",5806), ("63","9",1753), ("63","103",9314), ("63","71",3007), ("63","131",5257), ("63","92",9006), ("63","96",5638), ("63","7",9920),
     ("64","57",810), ("64","98",3909), ("64","97",2201), ("64","22",4257), ("64","120",2385), ("64","177",7660), ("64","83",2716), ("64","81",9744), ("64","111",2663), ("64","145",2685), ("64","130",2493), ("64","148",6419), ("64","106",256), ("64","141",158), ("64","86",414), ("64","87",9403), ("64","121",771), ("64","102",4635), ("64","5",7836), ("64","67",2090), ("64","35",6071), ("64","131",4631), ("64","182",4701), ("64","110",6711),
     ("65","152",3595), ("65","66",6930), ("65","26",9434), ("65","97",6170), ("65","123",9599), ("65","175",7920), ("65","155",5533), ("65","102",1652), ("65","77",4069), ("65","198",3575), ("65","81",3054), ("65","199",11), ("65","95",6605), ("65","35",8910), ("65","43",5805), ("65","71",439), ("65","134",9956), ("65","74",6617), ("65","165",3705), ("65","140",5376),
     ("66","80",2902), ("66","68",8312), ("66","142",777), ("66","156",2965), ("66","41",4654), ("66","6",6627), ("66","84",7710), ("66","102",3328), ("66","65",6930), ("66","54",2906), ("66","24",5879), ("66","112",2271), ("66","93",5873), ("66","94",3424), ("66","20",2667), ("66","26",2747), ("66","130",5826), ("66","17",6176), ("66","69",824), ("66","89",3012),
     ("67","57",8012), ("67","102",5417), ("67","175",5048), ("67","153",6204), ("67","12",371), ("67","137",1414), ("67","133",3802), ("67","64",2090), ("67","98",980), ("67","200",475), ("67","171",1394), ("67","36",2380), ("67","29",3449), ("67","124",1880), ("67","51",4225), ("67","195",5737), ("67","100",6216), ("67","103",1468),
     ("68","141",3540), ("68","197",8223), ("68","78",7924), ("68","66",8312), ("68","144",2277), ("68","174",7082), ("68","16",5894), ("68","163",4920), ("68","146",3895), ("68","52",7601), ("68","140",9624), ("68","40",5800), ("68","25",4188), ("68","32",7352), ("68","186",2528),
     ("69","8",8815), ("69","198",6284), ("69","17",3610), ("69","156",9959), ("69","75",3354), ("69","168",2357), ("69","102",1172), ("69","190",8022), ("69","139",9030), ("69","161",6171), ("69","96",4815), ("69","189",5215), ("69","66",824), ("69","94",1427), ("69","63",2323),
     ("70","4",5285), ("70","24",4670), ("70","148",7231), ("70","26",9252), ("70","17",3899), ("70","59",8055), ("70","47",2236), ("70","42",9396), ("70","175",3256), ("70","149",2366), ("70","92",96), ("70","153",6532), ("70","178",3394), ("70","168",1295), ("70","156",4830), ("70","34",2348), ("70","9",2), ("70","124",9089), ("70","32",9909), ("70","183",5332),
     ("71","8",5829), ("71","22",3243), ("71","138",1229), ("71","81",1711), ("71","170",1539), ("71","49",3441), ("71","23",3316), ("71","134",7485), ("71","12",6734), ("71","30",9294), ("71","21",4986), ("71","142",6038), ("71","65",439), ("71","7",8206), ("71","40",2826), ("71","145",6127), ("71","53",9285), ("71","63",3007), ("71","186",7143), ("71","171",6702),
     ("72","4",6508), ("72","78",5839), ("72","119",6215), ("72","114",8350), ("72","9",794), ("72","8",7308), ("72","113",8782), ("72","102",3377), ("72","34",2540), ("72","25",2332), ("72","59",7154), ("72","172",3153), ("72","89",4836), ("72","178",5128), ("72","51",4882), ("72","120",2287), ("72","174",2019), ("72","153",541), ("72","96",859), ("72","146",4264), ("72","171",8573), ("72","157",604), ("72","12",3626),
     ("73","14",4106), ("73","8",4528), ("73","159",4969), ("73","97",6534), ("73","77",2438), ("73","24",3509), ("73","174",2581), ("73","150",8061), ("73","139",4428), ("73","149",5233), ("73","42",9154), ("73","90",5133), ("73","78",212), ("73","194",8521), ("73","172",2239), ("73","46",5109),
     ("74","159",8960), ("74","33",3642), ("74","59",4470), ("74","20",6183), ("74","99",7031), ("74","179",1223), ("74","93",5576), ("74","164",8627), ("74","58",7934), ("74","65",6617), ("74","110",6731), ("74","108",8251), ("74","165",2602), ("74","121",1468), ("74","182",1873), ("74","176",8129),
     ("75","115",9140), ("75","141",9237), ("75","80",2187), ("75","86",259), ("75","20",2484), ("75","92",6095), ("75","97",1883), ("75","41",7333), ("75","87",3244), ("75","69",3354), ("75","120",6892), ("75","131",5902), ("75","31",7688), ("75","108",5943), ("75","4",7044), ("75","16",4116), ("75","191",1403), ("75","81",2609), ("75","37",751),
     ("76","115",7291), ("76","185",3674), ("76","181",3275), ("76","47",2138), ("76","143",1079), ("76","28",3705), ("76","125",1865), ("76","178",8433), ("76","3",7729), ("76","114",9690), ("76","100",1793), ("76","200",4623), ("76","199",6878), ("76","138",5683), ("76","141",1969), ("76","126",9595), ("76","9",9340), ("76","83",4424), ("76","89",6942),
     ("77","112",3500), ("77","160",105), ("77","189",5702), ("77","191",5135), ("77","124",8896), ("77","198",5081), ("77","19",7013), ("77","73",2438), ("77","63",5873), ("77","129",2337), ("77","11",815), ("77","133",2481), ("77","192",561), ("77","32",1689), ("77","50",5220), ("77","87",7040), ("77","25",2729), ("77","65",4069), ("77","106",9161), ("77","153",4483), ("77","56",7923), ("77","172",4771), ("77","13",8638),
     ("78","10",3771), ("78","68",7924), ("78","12",5753), ("78","30",5469), ("78","158",6367), ("78","122",6207), ("78","27",3066), ("78","116",2732), ("78","41",63), ("78","72",5839), ("78","161",6310), ("78","4",8058), ("78","104",1377), ("78","83",3955), ("78","29",8190), ("78","98",6603), ("78","154",8423), ("78","137",1910), ("78","135",6919), ("78","73",212), ("78","145",7244),
     ("79","141",7918), ("79","101",3205), ("79","165",3768), ("79","96",3059), ("79","119",4117), ("79","152",6519), ("79","57",2330), ("79","42",9404), ("79","166",8726), ("79","161",8395), ("79","30",503), ("79","89",5169), ("79","134",5792), ("79","117",9043), ("79","129",7314), ("79","43",5052), ("79","109",9677), ("79","58",2365), ("79","44",9988), ("79","167",820), ("79","193",7737), ("79","194",5784),
     ("80","36",2032), ("80","84",4645), ("80","1",982), ("80","115",1417), ("80","151",6728), ("80","112",5208), ("80","51",7589), ("80","152",9606), ("80","113",917), ("80","18",5252), ("80","121",2257), ("80","75",2187), ("80","57",8722), ("80","133",7217), ("80","179",7729), ("80","119",108), ("80","66",2902), ("80","40",9657), ("80","97",7213), ("80","172",7715), ("80","89",7224), ("80","19",62), ("80","46",7968), ("80","21",9884),
     ("81","115",2608), ("81","197",5540), ("81","97",8866), ("81","101",4493), ("81","64",9744), ("81","11",7299), ("81","71",1711), ("81","109",2519), ("81","136",1409), ("81","39",7400), ("81","75",2609), ("81","142",424), ("81","141",4032), ("81","183",3061), ("81","184",4485), ("81","95",7627), ("81","5",2469), ("81","143",9810), ("81","65",3054), ("81","89",6124),
     ("82","33",3577), ("82","130",3349), ("82","156",4691), ("82","39",3528), ("82","173",591), ("82","177",7882), ("82","44",3134), ("82","116",8491), ("82","132",4162), ("82","135",519), ("82","131",3457), ("82","128",6834), ("82","32",8571), ("82","55",3547), ("82","14",3283),
     ("83","78",3955), ("83","6",4949), ("83","185",9306), ("83","17",4615), ("83","64",2716), ("83","25",9569), ("83","149",6823), ("83","5",8407), ("83","167",8200), ("83","117",8516), ("83","165",1555), ("83","151",162), ("83","31",6588), ("83","76",4424), ("83","11",4211),
     ("84","57",6563), ("84","80",4645), ("84","119",6417), ("84","66",7710), ("84","198",5999), ("84","136",4270), ("84","86",195), ("84","104",5330), ("84","154",5421), ("84","137",4367), ("84","95",3812), ("84","159",8763), ("84","170",2436), ("84","107",2954), ("84","85",9888), ("84","134",9312), ("84","7",4061),
     ("85","57",6678), ("85","160",3613), ("85","156",6669), ("85","168",6193), ("85","136",6221), ("85","180",5525), ("85","32",7494), ("85","118",1102), ("85","192",544), ("85","129",517), ("85","93",2349), ("85","87",7478), ("85","189",1147), ("85","53",1227), ("85","20",1435), ("85","167",8110), ("85","133",836), ("85","84",9888), ("85","132",3873), ("85","128",4644), ("85","110",6060), ("85","21",2880), ("85","48",2792),
     ("86","115",4291), ("86","197",9714), ("86","144",8808), ("86","59",1293), ("86","126",937), ("86","189",1115), ("86","18",7517), ("86","45",8207), ("86","46",7512), ("86","177",7010), ("86","180",4604), ("86","75",259), ("86","157",4447), ("86","84",195), ("86","34",6435), ("86","120",5230), ("86","64",414), ("86","184",801), ("86","58",5989), ("86","142",1663), ("86","53",7353), ("86","117",4220), ("86","48",3588),
     ("87","160",8712), ("87","119",518), ("87","75",3244), ("87","94",9647), ("87","59",4628), ("87","61",9053), ("87","44",7875), ("87","168",9716), ("87","64",9403), ("87","164",3629), ("87","20",2639), ("87","8",2833), ("87","77",7040), ("87","7",4976), ("87","159",19), ("87","85",7478), ("87","191",6921), ("87","88",8011), ("87","167",1022), ("87","158",4081), ("87","110",1219), ("87","21",2681), ("87","38",2975),
     ("88","6",2039), ("88","62",9007), ("88","20",3014), ("88","113",7322), ("88","136",9026), ("88","32",8129), ("88","38",502), ("88","151",2295), ("88","150",6770), ("88","183",5547), ("88","36",7759), ("88","87",8011), ("88","94",4629), ("88","115",6611), ("88","19",2002), ("88","161",1726), ("88","56",3375), ("88","10",2539), ("88","125",5012), ("88","89",6267),
     ("89","33",3089), ("89","72",4836), ("89","123",1723), ("89","79",5169), ("89","174",858), ("89","76",6942), ("89","4",6363), ("89","199",2446), ("89","105",2736), ("89","66",3012), ("89","180",6612), ("89","80",7224), ("89","163",4055), ("89","88",6267), ("89","81",6124),
     ("90","152",4427), ("90","4",9446), ("90","115",1117), ("90","119",928), ("90","185",7284), ("90","20",7372), ("90","16",4558), ("90","108",9076), ("90","179",3149), ("90","139",7846), ("90","58",7141), ("90","5",8919), ("90","73",5133), ("90","144",6223), ("90","174",6914),
     ("91","160",383), ("91","181",5060), ("91","174",3418), ("91","113",4626), ("91","95",1806), ("91","3",2483), ("91","192",6625), ("91","52",424), ("91","115",1105), ("91","137",4129), ("91","142",9164), ("91","41",7776), ("91","158",5553), ("91","38",7087), ("91","200",1988),
     ("92","1",647), ("92","130",4320), ("92","108",1844), ("92","134",610), ("92","194",426), ("92","177",3182), ("92","75",6095), ("92","20",1704), ("92","94",6085), ("92","128",556), ("92","22",5592), ("92","16",2896), ("92","186",7980), ("92","32",3395), ("92","139",6763), ("92","121",3819), ("92","138",8080), ("92","70",96), ("92","63",9006),
     ("93","66",5873), ("93","39",6132), ("93","181",4071), ("93","154",4073), ("93","85",2349), ("93","106",7477), ("93","74",5576), ("93","150",9213), ("93","98",6617), ("93","147",7807), ("93","43",8479), ("93","152",6543), ("93","35",8775), ("93","167",5670), ("93","2",8177),
     ("94","57",558), ("94","66",3424), ("94","92",6085), ("94","120",2733), ("94","87",9647), ("94","30",6976), ("94","191",8318), ("94","139",7116), ("94","109",1299), ("94","88",4629), ("94","170",9318), ("94","69",1427), ("94","14",3551), ("94","115",3350), ("94","171",9959), ("94","15",9606),
     ("95","119",8126), ("95","112",555), ("95","120",1104), ("95","18",6122), ("95","91",1806), ("95","173",4092), ("95","196",231), ("95","26",36), ("95","147",1278), ("95","19",8691), ("95","125",2917), ("95","9",9480), ("95","63",5264), ("95","81",7627), ("95","84",3812), ("95","65",6605), ("95","105",6026),
     ("96","40",5739), ("96","79",3059), ("96","104",9639), ("96","113",712), ("96","162",3737), ("96","155",1251), ("96","10",807), ("96","49",9901), ("96","151",5643), ("96","23",2431), ("96","72",859), ("96","26",425), ("96","69",4815), ("96","143",9274), ("96","183",5939), ("96","63",5638), ("96","147",6736), ("96","193",8831),
     ("97","33",5671), ("97","185",7065), ("97","52",9063), ("97","64",2201), ("97","188",4695), ("97","192",6411), ("97","43",3906), ("97","73",6534), ("97","13",7026), ("97","112",7969), ("97","81",8866), ("97","80",7213), ("97","62",9163), ("97","65",6170), ("97","140",6527), ("97","75",1883), ("97","137",4667),
     ("98","115",5825), ("98","131",4614), ("98","64",3909), ("98","155",5515), ("98","139",1235), ("98","39",3993), ("98","102",8330), ("98","60",2073), ("98","200",2690), ("98","166",2364), ("98","78",6603), ("98","162",6139), ("98","58",3677), ("98","117",9545), ("98","6",5594), ("98","144",7198), ("98","50",990), ("98","150",2093), ("98","143",4300), ("98","67",980), ("98","93",6617),
     ("99","104",9140), ("99","18",5717), ("99","174",5675), ("99","157",6818), ("99","132",6234), ("99","182",2897), ("99","151",4990), ("99","183",3577), ("99","59",671), ("99","133",2090), ("99","23",6485), ("99","153",4560), ("99","31",8583), ("99","74",7031), ("99","1",2367), ("99","127",1408), ("99","37",7757), ("99","193",4566), ("99","194",5832), ("99","38",6169),
     ("100","159",6567), ("100","137",7178), ("100","163",9709), ("100","190",6674), ("100","36",8612), ("100","142",2994), ("100","76",1793), ("100","67",6216), ("100","29",1642), ("100","56",361), ("100","144",6605), ("100","128",2584), ("100","153",9522), ("100","145",5512), ("100","15",809), ("100","38",1369),
     ("101","188",8531), ("101","40",2885), ("101","157",1393), ("101","171",4083), ("101","55",6050), ("101","144",3619), ("101","3",3381), ("101","113",5024), ("101","81",4493), ("101","163",6033), ("101","56",3516), ("101","129",8821), ("101","184",9591), ("101","59",1804), ("101","79",3205), ("101","30",6979), ("101","138",2902), ("101","143",4042), ("101","34",3383), ("101","21",2775),
     ("102","98",8330), ("102","66",3328), ("102","144",7884), ("102","72",3377), ("102","24",8731), ("102","181",3585), ("102","137",6814), ("102","172",6572), ("102","58",6906), ("102","64",4635), ("102","117",2689), ("102","177",4462), ("102","67",5417), ("102","183",9634), ("102","69",1172), ("102","65",1652), ("102","178",1334), ("102","161",8230), ("102","63",5806), ("102","140",6370), ("102","21",6643),
     ("103","200",6851), ("103","123",8756), ("103","24",8083), ("103","41",7917), ("103","191",9683), ("103","63",9314), ("103","112",7409), ("103","110",491), ("103","131",2920), ("103","196",696), ("103","186",9654), ("103","62",8383), ("103","113",5248), ("103","67",1468), ("103","114",1318),
     ("104","141",8162), ("104","78",1377), ("104","42",2726), ("104","123",9213), ("104","1",6647), ("104","126",8615), ("104","200",7083), ("104","197",4174), ("104","84",5330), ("104","192",4219), ("104","142",6236), ("104","99",9140), ("104","96",9639), ("104","25",4899), ("104","172",561), ("104","179",8827), ("104","169",3712),
     ("105","185",1033), ("105","62",2736), ("105","113",3388), ("105","116",7899), ("105","89",2736), ("105","164",4661), ("105","183",7722), ("105","55",8477), ("105","190",2518), ("105","180",341), ("105","95",6026), ("105","119",9930), ("105","120",9333), ("105","13",6821), ("105","49",9278),
     ("106","14",7912), ("106","4",4769), ("106","115",9598), ("106","141",674), ("106","112",4854), ("106","20",8785), ("106","64",256), ("106","181",5332), ("106","190",3305), ("106","3",6521), ("106","30",7819), ("106","93",7477), ("106","26",6940), ("106","77",9161), ("106","57",4868), ("106","111",6460),
     ("107","114",2032), ("107","123",4581), ("107","62",5324), ("107","187",2610), ("107","60",52), ("107","116",9864), ("107","84",2954), ("107","182",8313), ("107","37",1144), ("107","169",668), ("107","52",3647), ("107","4",4383), ("107","41",8116), ("107","146",7862), ("107","112",7448), ("107","15",4589), ("107","176",6806),
     ("108","200",9976), ("108","185",8699), ("108","17",1942), ("108","40",8883), ("108","156",7039), ("108","92",1844), ("108","75",5943), ("108","22",9656), ("108","43",8964), ("108","27",9929), ("108","174",5669), ("108","90",9076), ("108","145",521), ("108","143",972), ("108","113",4342), ("108","74",8251), ("108","126",525), ("108","38",8712),
